data/images/1181.jpg
[ 0.13163646  0.07560322 -0.48747867 -0.25729835  0.25588003  0.4234767
  0.111973    0.03337831  0.2316984   0.07138836  0.01768908  0.22777793
  0.00590023 -0.02862364 -0.06610774 -0.16956952 -0.2638046   0.03109138
  0.19037463  0.04044453  0.15253302 -0.1339661  -0.05245368  0.33856237
  0.30206212  0.06049378  0.5211512  -0.12651622 -0.06949801  0.27971005
 -0.05770669 -0.02982934 -0.11518961  0.51493555 -0.3795168  -0.2998155
  0.34756547  0.11409652 -0.07308687 -0.07994973  0.11245588 -0.17729582
  0.30995008  0.024943   -0.13711908  0.02394272  0.10514134 -0.02356247
  0.3049709  -0.07135654 -0.14703263  0.15734778 -0.03489039 -0.03096575
 -0.29401955 -0.05200737 -0.17439678  0.41431478  0.35592005  0.00847972
  0.09017285 -0.16092843 -0.02595061  0.20865603  0.12090242  0.02915579
 -0.26680067  0.12146235 -0.26469702  0.23257154  0.18764074  0.117989
  0.09021354 -0.06420274  0.3455325   0.21007255 -0.22419907 -0.25885692
 -0.29782638  0.05454204 -0.38663045  0.01005637 -0.22029787 -0.32351267
 -0.09919634  0.07208312  0.11532363  0.18345618 -0.330859   -0.03038625
  0.01863291 -0.35419127 -0.44904536  0.39267376  0.1994978   0.23595689
 -0.19015534  0.02046644  0.10816213 -0.13378285  0.05530034  0.04474415
 -0.12785693  0.2097976   0.13154335 -0.2808721  -0.2657761  -0.11042866
  0.17308937  0.3160625   0.02506212 -0.19004256  0.092054   -0.28205854
 -0.5653316   0.21299057  0.17557533 -0.20259315 -0.01679816  0.32674688
  0.27799276 -0.36367795 -0.05572208  0.443905    0.06154992 -0.17456347
  0.0983457   0.31847465 -0.0505915   0.21676181  0.1290194  -0.15909547
 -0.06767289 -0.22271504 -0.44903842 -0.6094361  -0.23092234 -0.0352487
  0.06654047  0.35656112 -0.27010202 -0.131469    0.09936074 -0.17180625
  0.02717189 -0.19298194 -0.06653155 -0.07668891 -0.22490071 -0.03567731
 -0.23149133 -0.14907832 -0.36058423  0.0660715   0.29767632 -0.06703646
 -0.6399967   0.19266216 -0.08861769  0.2301632  -0.23154634 -0.06981377
  0.01797228 -0.17248516 -0.15464252 -0.42497125  0.38215125  0.03278465
  0.02529974 -0.24462505  0.23276405 -0.07905795 -0.02191156  0.04133939
 -0.37484366  0.08100747 -0.15407877 -0.0050492   0.05013308  0.05704435
 -0.26838636  0.16481133 -0.0209547  -0.05535712 -0.4477384   0.29926154
 -0.07342256 -0.20056614 -0.15514912 -0.2649471   0.33941993  0.10377391
 -0.2513951   0.09786746  0.07591062 -0.04787147 -0.15837415  0.10383205
  0.03864114 -0.06120296  0.11545643 -0.25306657 -0.32215732 -0.00204706
  0.0078201   0.13636702 -0.03510422  0.1828196  -0.21082038 -0.42689288
  0.17163214  0.00667864 -0.55410564  0.1688479   0.00516442 -0.44554013
 -0.06510409 -0.1560643   0.34351295  0.22923273  0.11481299 -0.25793839
  0.18868864  0.0276503   0.0215835  -0.13568662  0.26300794  0.33166555
  0.3163913  -0.14961222  0.33212584  0.11109567 -0.223697    0.10869793
 -0.0581828   0.27919027  0.07907568 -0.06206616 -0.30879152 -0.07968573
 -0.08355497 -0.27881044  0.38327682  0.1123646  -0.07159298  0.05269014
 -0.2109282  -0.10485967 -0.67893517  0.2568228   0.30629304 -0.06232737
 -0.29214415  0.18056831 -0.14945512  0.19566305]
data/images/1181.jpg
[ 0.13163646  0.07560322 -0.48747867 -0.25729835  0.25588003  0.4234767
  0.111973    0.03337831  0.2316984   0.07138836  0.01768908  0.22777793
  0.00590023 -0.02862364 -0.06610774 -0.16956952 -0.2638046   0.03109138
  0.19037463  0.04044453  0.15253302 -0.1339661  -0.05245368  0.33856237
  0.30206212  0.06049378  0.5211512  -0.12651622 -0.06949801  0.27971005
 -0.05770669 -0.02982934 -0.11518961  0.51493555 -0.3795168  -0.2998155
  0.34756547  0.11409652 -0.07308687 -0.07994973  0.11245588 -0.17729582
  0.30995008  0.024943   -0.13711908  0.02394272  0.10514134 -0.02356247
  0.3049709  -0.07135654 -0.14703263  0.15734778 -0.03489039 -0.03096575
 -0.29401955 -0.05200737 -0.17439678  0.41431478  0.35592005  0.00847972
  0.09017285 -0.16092843 -0.02595061  0.20865603  0.12090242  0.02915579
 -0.26680067  0.12146235 -0.26469702  0.23257154  0.18764074  0.117989
  0.09021354 -0.06420274  0.3455325   0.21007255 -0.22419907 -0.25885692
 -0.29782638  0.05454204 -0.38663045  0.01005637 -0.22029787 -0.32351267
 -0.09919634  0.07208312  0.11532363  0.18345618 -0.330859   -0.03038625
  0.01863291 -0.35419127 -0.44904536  0.39267376  0.1994978   0.23595689
 -0.19015534  0.02046644  0.10816213 -0.13378285  0.05530034  0.04474415
 -0.12785693  0.2097976   0.13154335 -0.2808721  -0.2657761  -0.11042866
  0.17308937  0.3160625   0.02506212 -0.19004256  0.092054   -0.28205854
 -0.5653316   0.21299057  0.17557533 -0.20259315 -0.01679816  0.32674688
  0.27799276 -0.36367795 -0.05572208  0.443905    0.06154992 -0.17456347
  0.0983457   0.31847465 -0.0505915   0.21676181  0.1290194  -0.15909547
 -0.06767289 -0.22271504 -0.44903842 -0.6094361  -0.23092234 -0.0352487
  0.06654047  0.35656112 -0.27010202 -0.131469    0.09936074 -0.17180625
  0.02717189 -0.19298194 -0.06653155 -0.07668891 -0.22490071 -0.03567731
 -0.23149133 -0.14907832 -0.36058423  0.0660715   0.29767632 -0.06703646
 -0.6399967   0.19266216 -0.08861769  0.2301632  -0.23154634 -0.06981377
  0.01797228 -0.17248516 -0.15464252 -0.42497125  0.38215125  0.03278465
  0.02529974 -0.24462505  0.23276405 -0.07905795 -0.02191156  0.04133939
 -0.37484366  0.08100747 -0.15407877 -0.0050492   0.05013308  0.05704435
 -0.26838636  0.16481133 -0.0209547  -0.05535712 -0.4477384   0.29926154
 -0.07342256 -0.20056614 -0.15514912 -0.2649471   0.33941993  0.10377391
 -0.2513951   0.09786746  0.07591062 -0.04787147 -0.15837415  0.10383205
  0.03864114 -0.06120296  0.11545643 -0.25306657 -0.32215732 -0.00204706
  0.0078201   0.13636702 -0.03510422  0.1828196  -0.21082038 -0.42689288
  0.17163214  0.00667864 -0.55410564  0.1688479   0.00516442 -0.44554013
 -0.06510409 -0.1560643   0.34351295  0.22923273  0.11481299 -0.25793839
  0.18868864  0.0276503   0.0215835  -0.13568662  0.26300794  0.33166555
  0.3163913  -0.14961222  0.33212584  0.11109567 -0.223697    0.10869793
 -0.0581828   0.27919027  0.07907568 -0.06206616 -0.30879152 -0.07968573
 -0.08355497 -0.27881044  0.38327682  0.1123646  -0.07159298  0.05269014
 -0.2109282  -0.10485967 -0.67893517  0.2568228   0.30629304 -0.06232737
 -0.29214415  0.18056831 -0.14945512  0.19566305]
data/images/nhatanh.jpg
[-0.13810065  0.10951397 -0.3082621  -0.19240321  0.16769691  0.07490328
  0.06445353  0.36333296  0.16238803  0.23350078  0.17133644  0.13207494
  0.14871979  0.10202106  0.01915095 -0.14635533  0.10645805 -0.17205337
  0.18410894 -0.12294755  0.12023102 -0.13766511  0.14189155 -0.323094
 -0.33700672  0.02732055  0.3934169   0.12667143 -0.25805616  0.05600797
 -0.06775942 -0.18119118  0.45329964  0.0580965   0.09741108 -0.03553373
  0.20814957  0.06434869  0.12233358  0.30595967  0.19534543  0.07925145
  0.18929653  0.10272407 -0.10295836 -0.11651744 -0.01925988 -0.13346025
  0.17813851 -0.3831178  -0.23638347  0.13362603 -0.14782408 -0.19030048
  0.04219216  0.063986   -0.04562953 -0.1489472   0.19203836  0.3447412
 -0.07067236  0.0662938  -0.39264104 -0.18748283  0.03822477 -0.14031775
 -0.02450942  0.03250923 -0.09382417  0.1242329  -0.03846933  0.01596229
  0.05450287  0.03076988  0.22082546  0.02222847  0.26005736 -0.03397631
  0.13956447 -0.05427443 -0.21790048  0.02099501  0.13934661 -0.17690167
 -0.05109555 -0.07517833 -0.15374213  0.05112443  0.10811723  0.09427635
  0.18554588  0.10923314  0.00098943 -0.10552075 -0.0281575  -0.06417552
 -0.04742277  0.05195295  0.14686523 -0.17927797  0.05933997  0.00786454
  0.01636338  0.13130538 -0.19134122  0.05091484 -0.20780805 -0.15108769
  0.09568626 -0.06438607 -0.19747037  0.12884496  0.14941448 -0.0290735
  0.09202784 -0.06995043  0.03825482  0.20245217 -0.13783158  0.39146242
 -0.24752063 -0.16859996 -0.0795024   0.35275283 -0.3888659   0.12647876
  0.26491696  0.36726713 -0.24843338  0.06730203  0.00180759  0.04170566
  0.01229185 -0.10505514 -0.02479538 -0.21253152  0.12632342 -0.10092323
  0.20914502 -0.01043529 -0.1427146  -0.00433719  0.07861521 -0.18194261
  0.12422561 -0.27735782 -0.19265726 -0.06514668 -0.06775128 -0.29196554
  0.05511148 -0.01087362 -0.08226643  0.5620845   0.43020153  0.17228675
 -0.18225563  0.22218372 -0.25759917  0.07887035  0.19008328 -0.18978664
 -0.23881958 -0.4537433  -0.01913853  0.20365095  0.18924403  0.05544107
 -0.3682471   0.16695616  0.52956474  0.23798981 -0.06628971  0.48058924
 -0.0445474  -0.17525245 -0.06238564 -0.19450818  0.14383133  0.02657569
 -0.1365547  -0.36218178  0.14041924  0.11894932 -0.19184713  0.23884879
  0.20700918 -0.47500885 -0.23955147 -0.23582532 -0.20404837 -0.3459418
  0.23313129  0.33470982  0.3274168  -0.24427082 -0.12146676  0.13211906
  0.08647601 -0.08026437 -0.2624607   0.06607756  0.07553034 -0.04719529
 -0.03106198  0.13382266 -0.08696127  0.24955687  0.04761221 -0.03503339
 -0.11031678 -0.23068327 -0.02753006 -0.05078584 -0.155948   -0.32447684
  0.02753145  0.0102027  -0.17658709 -0.01378368 -0.19412278  0.02356301
  0.06163551 -0.11228465 -0.06945881  0.24156465  0.21695782 -0.16821343
 -0.21103711 -0.10383268  0.09042524  0.1362783   0.431835    0.36797762
  0.21849212  0.13195087  0.14093639 -0.04719245 -0.31455532  0.05729691
  0.46205363  0.3728822   0.3045461   0.19959484  0.15992498 -0.19812989
 -0.09471682  0.23184444 -0.39101598 -0.13334154  0.23144129  0.0034097
 -0.24029808  0.37784243 -0.23432639  0.3041051 ]
data/images/temp.jpg
[ 1.90067098e-01 -6.48806617e-02  2.61773765e-01 -3.08540482e-02
  3.83181423e-01  2.91482005e-02  6.49437085e-02 -8.80377442e-02
  1.93444252e-01 -3.57068479e-01 -4.86461222e-02  2.02479482e-01
  4.98411022e-02  1.88678175e-01 -1.46742225e-01 -1.58194676e-01
  2.00264111e-01 -2.90218312e-02 -2.89481431e-01  2.54594237e-01
 -9.40349624e-02 -3.47642273e-01  6.45804405e-02  1.75880492e-01
  1.51517943e-01  3.71628612e-01  4.08428252e-01 -2.36962259e-01
  4.66104485e-02 -1.28626436e-01 -2.72566438e-01  9.27509449e-04
  1.73395708e-01 -3.04294582e-02  2.29392171e-01  2.58607656e-01
  4.08103764e-01 -2.65315056e-01 -5.42132482e-02 -1.39991775e-01
 -7.77100921e-02 -1.66862473e-01 -1.44091159e-01  1.50473326e-01
  1.65356755e-01  1.99814022e-01  1.29963890e-01  4.35744971e-02
  3.04686815e-01  3.93681191e-02  6.74833544e-03  2.30717193e-02
 -3.12580429e-02  8.87840521e-03 -3.08995899e-02  4.66046073e-02
 -6.09292611e-02  9.30122957e-02 -4.54790279e-04  6.65292516e-02
  1.84643522e-01  1.55570656e-01 -7.31114671e-02  8.54601189e-02
  1.47682711e-01  3.97670299e-01 -4.82846051e-02  1.93659768e-01
 -3.13989758e-01  9.78270993e-02 -1.09336942e-01 -2.53396422e-01
 -1.05031744e-01  1.76743746e-01 -1.87859759e-01  2.14947551e-01
  3.91431265e-02 -2.44863003e-01 -9.52969044e-02 -8.43559876e-02
 -1.14583492e-01  6.32502958e-02  3.73147875e-02 -2.01111749e-01
  8.63496661e-02  4.90924865e-01  2.23996475e-01  2.46613204e-01
  2.27644220e-02  2.09002588e-02  3.22981268e-01 -1.03496360e-02
 -2.69077688e-01  2.48831026e-02  2.35774487e-01  2.82212973e-01
 -8.61969367e-02  1.97773039e-01  4.81355071e-01  1.60546973e-01
 -1.06402166e-01  1.66066796e-01  2.40410060e-01  4.27831970e-02
 -1.60216093e-01 -6.64766580e-02 -5.74212074e-02 -3.49900872e-01
  1.90377682e-01 -5.48812523e-02  1.65564880e-01  5.03949225e-01
  1.64511159e-01  3.02611858e-01 -4.36461538e-01  1.79126933e-01
  2.78977249e-02  2.01105382e-02 -1.72813341e-01  6.42451942e-02
  3.09619725e-01 -2.43627667e-01 -2.21646458e-01  8.28800127e-02
 -3.39449495e-02 -3.38988811e-01  2.15768561e-01 -2.35618539e-02
 -3.10634643e-01  3.36397439e-02  4.71551925e-01 -2.69086480e-01
 -3.31705958e-01 -2.33999327e-01 -2.20435545e-01 -2.34520063e-01
  7.61023238e-02 -5.25881834e-02  7.90249482e-02 -4.47135465e-03
  1.06390044e-01 -1.12122752e-01  1.72122754e-02 -1.30317464e-01
 -8.78661349e-02 -1.74556356e-02  7.24528804e-02 -4.32794467e-02
  5.85007258e-02 -3.53544652e-01  2.87445754e-01 -2.02580184e-01
 -1.48081020e-01 -1.37485489e-02  5.26605640e-03 -2.68800020e-01
 -2.39765421e-01  1.96641102e-01 -1.12489931e-01  1.54131860e-01
  4.66101356e-02 -4.44041044e-01 -7.10635930e-02 -1.09364331e-01
 -1.00754850e-01 -2.06758287e-02  2.70248294e-01  1.83725804e-01
  2.78525501e-01  7.08444566e-02  2.32407272e-01  1.65199652e-01
 -1.16126150e-01  4.70181480e-02 -2.64334120e-02  3.52930166e-02
 -5.83143421e-02  5.36524616e-02  1.33845150e-01  7.25398511e-02
 -1.65396020e-01 -1.35769928e-03  3.96515429e-01 -6.52830079e-02
 -1.22173168e-01  2.91011333e-01  1.29044995e-01 -3.36480021e-01
  7.07256198e-02  1.40909553e-01  4.91073951e-02  8.65871534e-02
  4.27252501e-01 -2.71391706e-03 -2.38798141e-01  9.86404642e-02
 -8.07441324e-02 -2.17420295e-01 -3.32542330e-01 -1.80952381e-02
 -6.07162081e-02  1.01136871e-01  1.49458721e-01  3.86356451e-02
 -3.85027230e-02 -7.72760622e-03  1.12551570e-01  1.01508297e-01
 -1.03529587e-01  1.58504888e-01  1.32849708e-01  1.68489128e-01
 -1.82705075e-01 -1.86553925e-01  1.35417417e-01 -3.87062788e-01
 -1.14818029e-01  1.59269199e-01 -1.99208837e-02 -3.21017159e-03
 -1.82427764e-01  2.79492736e-01  1.96169779e-01  3.86132337e-02
  2.25697085e-01  2.31993407e-01  3.20282608e-01  2.81732976e-01
  2.61666328e-01 -1.94209382e-01  1.73392162e-01 -8.75930488e-02
 -2.90310442e-01 -3.99569422e-02 -2.20599979e-01 -2.85573527e-02
 -9.91937220e-02 -2.46081173e-01 -1.93509027e-01 -3.75160016e-02
 -9.55465138e-02  1.90694630e-02  4.98511076e-01  2.02174529e-01
 -7.06332847e-02 -2.34951869e-01 -3.09410453e-01  2.57498890e-01
  4.16790359e-02  1.38328001e-01 -1.27271399e-01  1.85910776e-01
  4.07421142e-02 -7.68083259e-02  2.15149701e-01  2.40468651e-01]
